1;М;Иванов Сергей Петрович;25;180;80;12;60;140;185;18;45
2;Ж;Смирнова Анна Викторовна;22;165;55;9;48;120;170;14;40
3;М;Козлов Дмитрий Алексеевич;30;175;85;11;62;135;180;19;52
4;Ж;Попова Екатерина Олеговна;27;170;60;10;50;125;175;15;42
5;М;Васильев Артём Николаевич;19;182;77;13;58;145;188;16;48
6;Ж;Сидорова Мария Анатольевна;24;168;53;8;46;118;165;12;38
7;М;Фёдоров Алексей Сергеевич;28;178;82;12;59;138;182;17;50
8;Ж;Михайлова Юлия Андреевна;21;162;50;7;42;110;160;11;35
9;М;Григорьев Олег Дмитриевич;26;183;90;14;65;155;195;20;55
10;Ж;Лебедева Наталья Петровна;23;167;57;9;47;122;172;13;39
11;М;Орлов Егор Владимирович;29;176;78;11;56;130;178;15;44
12;Ж;Павлова Дарья Максимовна;25;169;59;10;49;124;174;14;41
13;М;Крылов Михаил Алексеевич;31;181;88;13;63;148;190;18;53
14;Ж;Тихонова Елена Васильевна;20;163;52;8;45;115;162;12;37
15;М;Беляев Аркадий Юрьевич;27;179;83;12;61;142;186;16;49
16;Ж;Зайцева Оксана Витальевна;22;166;54;7;44;113;164;11;36
17;М;Ершов Виктор Игоревич;26;184;92;14;66;157;198;21;56
18;Ж;Петухова Алина Дмитриевна;24;170;58;9;48;120;171;13;38
19;М;Никитин Алексей Владимирович;30;177;80;11;55;132;180;15;43
20;Ж;Фролова Татьяна Артёмовна;28;171;61;10;51;126;176;14;42
21;М;Семенов Василий Иванович;23;185;95;15;70;160;200;22;58
22;Ж;Борисова Светлана Юрьевна;21;164;51;7;43;111;159;10;34
23;М;Матвеев Денис Александрович;29;180;86;13;64;150;188;19;54
24;Ж;Киселёва Виктория Олеговна;26;168;56;8;46;119;167;12;37
25;М;Тарасов Руслан Олегович;32;175;79;11;57;128;176;14;41
26;Ж;Калинина Елизавета Сергеевна;23;167;55;7;45;116;163;11;35
27;М;Анисимов Андрей Геннадьевич;27;183;89;14;67;153;194;20;55
28;Ж;Чернова Валентина Викторовна;25;169;60;9;49;121;170;13;39
29;М;Родионов Константин Алексеевич;31;182;87;13;62;147;189;18;52
30;Ж;Савельева Полина Дмитриевна;22;165;53;8;46;117;162;12;36
31;М;Зуев Олег Станиславович;28;178;81;12;58;137;183;16;48
32;Ж;Яковлева Лариса Николаевна;24;170;57;9;47;123;171;13;38
33;М;Лазарев Артём Аркадьевич;26;185;93;15;68;158;197;21;57
34;Ж;Гаврилова Вероника Петровна;20;163;52;7;44;112;161;11;35
35;М;Голубев Виктор Михайлович;29;180;84;12;60;143;187;17;50
36;Ж;Федосеева Надежда Алексеевна;27;168;59;9;48;120;169;13;39
37;М;Прохоров Алексей Геннадьевич;31;181;85;13;61;145;190;18;51
38;Ж;Морозова Анастасия Владимировна;22;166;54;8;45;114;163;11;36
39;М;Титов Павел Васильевич;26;184;91;14;65;155;195;20;55
40;Ж;Куликова Евгения Александровна;24;167;56;7;45;118;164;12;37
41;М;Сафонов Григорий Олегович;30;179;82;11;58;135;181;15;44
42;Ж;Романова Екатерина Павловна;28;169;60;9;49;122;172;13;38
43;М;Королёв Владимир Викторович;27;183;88;14;64;149;193;19;53
44;Ж;Белякова Ольга Евгеньевна;21;162;50;6;41;109;158;10;33
45;М;Герасимов Никита Дмитриевич;26;182;86;13;63;146;191;18;52
46;Ж;Алексеева Ксения Сергеевна;23;164;51;7;43;111;160;11;34
47;М;Данилов Станислав Артемьевич;29;178;79;10;55;130;179;14;42
48;Ж;Пономарёва Лидия Владимировна;25;170;58;9;48;121;171;13;38
49;М;Ефремов Алексей Вячеславович;31;185;94;15;69;159;198;21;57
50;Ж;Степанова Виктория Михайловна;20;163;52;7;44;113;162;11;35
